1 1
⁴ ι 1 , Ι.
111 ,, 111111111 1·
’1

1111111, 1111 nabot 11111111. 1111 1111111111 dn
11’ 11 11111 11111111111 111111 11111111111111 11
“ 11111,’ 1111 1111111111. ιΕ1 1111 1111111111111 11
1111111111ιὶ11 111111 11 11111, 111 11111111111111111·
1111 11111111111111 11 11111 1111111111, 1111
111 1111 11111111111111111 11 11111. 111 11 111111 =

111111,’ 111 111111111111 111111. 11111111 11111 “

¹ 11111111111, 11 1111111 1111, 111111111. 1111111111, ᾗ
11111111, 1111111 11111111 11 11 pron-nument, ἵ
11 1111111 «1111111 1111 11111. 111111 111 111111111
1111 111111 11111111111111111 1111111111 1111
11111 1111111111 1111111 11111, ‘ot 1111111111 1111.
11111111 111111111111, 1111111111 1111 1111111 1111-
1111. ’11111111111 111111111111111111111111, 11
1111111111 11 111111111111111111, 11 111 11111 111
1111111111 1111 1111 1111111111111. ·

1111 11111111111111111111111. · ἵ
santium 111 11111111111, 111 1111111, 11111· 1

11111111111111111111. 11111111 1111, 1111 111111 ³

111111 1111111, 1111111111111 11111, 1111111111 ’1
11. 111111 1111111 ’1111111111 11111. At 91111111
111111. 11 1111111111111 111111111111111111111, 11-

* 11111 „Ege 11111 1111 11111, 111 111111 11111111· 11

, Ι111, 11111 1111111111111111. 111 1111111111 obri·
’1 ’1111111111 111111111111111 111111111111111, 1111
1111111111111111111 11 11 111, 11111111 111111, 1111
1111111 11111111111111 1111111111 111 1111111111, 11111

’11 11111111 11111111 1111111 11111 111. ’1111

“ . 111 111 111111 111111 11111111 111, 111 ox

11111111 111111 1111111. 11 111 1111111 111111

11 111 1111, 11111 1111111 111111 11111111, 11111, ’
’ 1111111111, 111111, 1111111, 11 1111111 11111

111111 ,11111 11 11111 1111111 11 111 111111.

 

