χ 1191 Ἰ ,. 1111111111·

’,1111111 numu· mom-m·
11111111, 111 1111111111 11111111 1111 11111111.
= ,11111111111111111111111111111111111111111111

’ 1111 1111111, 111 11,11 ’1111111111 ,1111111111
,1111111,11111111111 1111111111,111111111111111
11111111 111111 11111111 11111111· 11 11111 1111111111, quod
1111111 11111 11111 11111111,11 111 1111111 111111

1 , ,1111111 1111. 11111111 11 111 1111111, 1111111111 h„

1111111111 11111111 111111 1111111111, 1111 111111 11111·
111 111111111111111111 1111 1111111111 11111111,
, 1111111111 111111111111111. 111111 1111111111 11
,1111111111 1111111111, 1111111111 1111111 nt 1111111

, 1111111111 11111 1111 1111111111 11111 111111 1111. ’

.,,1’1111.11111111111, 111 11111111 11111, 1111111111 ³
‚mm 11111111111.“Ι Ι1111111111 11111 111 1111111111, ,11
,111111 1111 11111 1111111111 1111111111,,11111 1111
11111111111111111, 1111 1111111 111111 1111111,ι Sed
11111 11111111 1111111111. ,1111111111 11111, 111111.
1111111111 videbunt, 1111111, quod 11111111 11111·
1111111111, 11 111, 11111111. 111111111111111111111 ,
,με 1111111111 111111, 1111 111 1111111111 1111111,
· Ψ 111 1111111111, 1111 11 11111111 :mathonium 11111 ³

f Ι11111111 1111111111. .

, 1111111111 111111 1111111111 1111111, ’

1 ld 111, 1111111111 11 111111111111111, 111111111-
111 1111111. 81111111111111111111111111 111111·
,111 1111111111111 Non ,1111111ςί ,11111 1111111111,

, , ,1111111 11111111111111,,11.1111111111 11111 111

,1111111111111111 11111111 81111111111111 111111 111· 3
ι 11111111,,1111111111111111111111111111 1111111111 ’
11111 11 1111111111 11111111 1111 1111111111, ,11111111

, 11111111111111,1110111111111111111111,1111111111·

up 1111111111 111 111111 11111. Sem 111111 11111111

 

