111111- ml. ,181 ,

1111, 111111111111111111· 11111111 11111111
11111..,11111,1,11 111 11111 111111 111111111111,111 “
11111 11111111 111 111 111111118111111111111.811
11111111.,14411ς11111111,“ 11111111111111,111

³ 11111111111111111111.Ι .

Pom 111 111111 111111 11111111 1111111111,

3 ,1 111111111111111111111111111,1111111111111-
11111. 81111111111111, 1111 111 11111 1111111111,
111111,111111111111111111111111,11111111111 =
11111,11111111ς1ε1111111,11111111111111 11
1111111111111111,1111111111,11111 11111111111 “
sie 11 11111111 pusionibus 11111111111111.111111
bein ’111111 11311113, 1111111111 11111 11111111.

ι,1111111111 1131111111 1111111111 1111111 111111·

, 111 1141111111111111111111,11111111111111. ¹

1)1111111,11111111111111,1111111· ’
. 1111111111. ι’

1111, exaggerat 111 11111111111,·111 111111
11115111111111.11111111111111, 111111, 1111111) ’
1111111, ,1111 11 1111111 1111Ιί811 1111111111111111. = Ι
1111111 11111111111311111111 111111 11111111111, '
1111111111 1111111111 11111111111111 111 1111111111
111 5111111111111111111111131111111 111, 11 311111 Ι ·
1111111. 1111 11111111,11111111 bonum 1111111111
111111111111111ς 1111 3111111 1111111 111111 11111111
11111111. Eia 111118111111111 111111111111111 ’ ,
111111111111111,11111111111111111111,11111111
111111, 111111 111111 111111111111111111111. 1111
exe-pl· 11111111111111. Christi 11111 1111111111 111·

111 1111111111 11111111111111 1411111111.Δ 11111111 11

111 1111111 11111111 11 propter 111111 1111111131· , “ ’
,1111111111 1111111111 1111111111, uo 111111 111111 Ϊ
11111111111111111111111111111111111111,11111· j

,1111111111 11111 1111 1111 111111, 111111111.

 

—fl—-u-ffi- , ,ῃ ,

