1100101111. 11 ,

ιιιι ιιι οιιιι 1ι1ιιιι, ιιιιιιιι ι1ι ιιι111ι1ιιιι,“ · ,
101 010100 110110 0001111111, 101111 11 11101.

At 10100110 1010 10001 00110010
’ 101100 101. ’

“ 1101100 01001111, 001101 1001001,11010111011.
101001011110101101111101, 0011110· 1000110111. Eia zor-² Ι
1011001011 101“1101101.111001(10110110 0111101, 10 110101Ι «

011011ς 0111111010 0111111101, 11 101001 00 11000 101- , , · ,
111, 101011, 01011 00111001101111011100, Ι11111110 ’110111οἰ11 -

1001 0100110, 110011 ’11000 0111111100. 11100 010011110000 ’
1101100100 111101, 11 011’ 01100110100 01 000011110101
0101100 01 0110100100.111011101101,,1011 10000Ι
000, ’1000 001 010 011110 11011 11100, 1101οΙ1 001 1101· ⁴
101001 0100100100,1011 1011 nit ,101101’ 10 110’ 00111111

01100011001110. Porro 1011100, ,1010ιι 0100111001, 0110 “

010 0101100101, 00101111.1000110100,1011 1010
110111011101001 110100, 11111 wir 0011011001 rich- 2
100,1110 000 0101 0001 11010 10010110 111011101101,
1000 01 10110100010111011, 10000 101100Βο1

1011,1011000110000,8111100 1118011111010111 ’

1101011011, 0110101101101 11010110101 Wort 01110101 · ’
100 110111

11100101110011111101 01 0101 111101111-Ι
01100110οτ11.
10011 100101001110111100110111, 001 100100101,

001010100111101001001 0111000,11011, 000101 ’ -.

00011000 10101 101011, 11001 0001110010101010011,
110 110000 000010 1101111011 111 010οι 8110100011,

11001 010 101111 sume 001111110111100,101 111 ,

1111110010.110100001000001101110,001001
0000010. nictantem 1000, 01 111010110100, 10

1101101101,00101100110101101111.801010111011,Λ ᾗ

Ι111111 01 , 110 10100 1001 110110110111101001011.
1110110110. 1111. · ,ι ι

 

